RESULT
[0.020883827306345002, 0.007059462581515998, 0.5765483663646124, 0.17949671011460003, 0.008456147787400633, 0.06437900120846973]	[0, 0, 0, 0, 0, 1]
[0.12322548683968586, 0.006906949954768613, 0.32005707945908063, 0.14590439284828005, 0.005078740959162869, 0.04683706549485058]	[0, 0, 0, 0, 0, 1]
[0.2448598772119575, 0.0016593545295857561, 0.3589320956315936, 0.19500136037180626, 0.007771599487116693, 0.04458707630922787]	[0, 0, 1, 0, 0, 0]
[0.038622245450333735, 0.009778587994934716, 0.4920537850946033, 0.1514257978496785, 0.005314525064674941, 0.05744087636854488]	[0, 0, 0, 1, 0, 0]
[0.021927527727256046, 0.004885261483373238, 0.44496684519846863, 0.20448044260257225, 0.017118735075228757, 0.06189688361482707]	[0, 0, 0, 0, 1, 0]
[0.012536569405201951, 0.013373652534310495, 0.5351249942373743, 0.16168563320729834, 0.00835784142241902, 0.0664467616280403]	[0, 0, 0, 0, 1, 0]
[0.8206175551657796, 0.004279157236881606, 0.2977602589719053, 0.09960823256757885, 0.000609495998451351, 0.030475396066876877]	[0, 0, 0, 1, 0, 0]
[0.9823057522059631, 0.0006604053207475911, 0.09328025526943096, 0.13321380112197767, 0.0014603287557462064, 0.020778209791712878]	[0, 0, 0, 1, 0, 0]
[0.6673904433085951, 0.0013420363731025022, 0.32700627636633545, 0.16071475968463433, 0.002672930032068003, 0.035322816438814374]	[0, 0, 0, 1, 0, 0]
[0.07535738991732419, 0.008117051667376949, 0.8817279037465371, 0.12688058449150388, 0.000672126076562897, 0.06263332582789723]	[0, 0, 1, 0, 0, 0]
[0.6422232600412006, 0.001350302716993047, 0.4648268948337472, 0.1574249427433663, 0.0017843041151571007, 0.03760666886582525]	[0, 0, 1, 0, 0, 0]
[0.9135303117928216, 0.00037840961036644685, 0.15454768197365654, 0.19401227702634596, 0.005001417492838259, 0.0273519207238607]	[1, 0, 0, 0, 0, 0]
[0.004944541997531852, 0.019155264128587177, 0.7547694224715487, 0.15688650400881038, 0.005504308267886415, 0.07975825640732201]	[0, 0, 0, 1, 0, 0]
[0.0032839226496996516, 0.10092101259076561, 0.793787053720706, 0.09558188572012111, 0.001441090155268479, 0.08138271607374961]	[0, 1, 0, 0, 0, 0]
[0.009441251726693859, 0.024847927282186957, 0.5866613495093648, 0.13765916504228287, 0.005145106962403435, 0.06878604381419408]	[0, 1, 0, 0, 0, 0]
[0.9726215698447198, 0.0011118392977640273, 0.0759229016133785, 0.12310277502260424, 0.0015899862930042255, 0.02125278053606303]	[1, 0, 0, 0, 0, 0]
[0.9583835596557637, 0.0014439868615828784, 0.0364312734377991, 0.12741997767186844, 0.0033672234603624625, 0.02085648769345911]	[1, 0, 0, 0, 0, 0]
[0.6687423991403307, 0.00015374739782325272, 0.09599665199877233, 0.31581634681294163, 0.05506789001080285, 0.03299504719900332]	[1, 0, 0, 0, 0, 0]
[0.008642363545271363, 0.010397249136867714, 0.5053930086531855, 0.18537717247974062, 0.015052592611873333, 0.06934177201470096]	[1, 0, 0, 0, 0, 0]
[0.09501323425146095, 0.011569715141771741, 0.6210105363819297, 0.12014116491904801, 0.0014518002068673276, 0.053078874098421255]	[1, 0, 0, 0, 0, 0]
[0.20065496328269744, 0.014644357635327584, 0.7284404008543318, 0.09405027198403454, 0.00041012263655290063, 0.04934284189255234]	[1, 0, 0, 0, 0, 0]
[0.06277994062437926, 0.015340744090156552, 0.016643373830616086, 0.15671986030620172, 0.06728548588072002, 0.03801238193353637]	[0, 0, 0, 0, 1, 0]
[0.004663189558587121, 0.0367874936462301, 0.015146734828142052, 0.17852281707808607, 0.2135225866379267, 0.05114521817327452]	[0, 0, 0, 0, 1, 0]
[0.044923879934787574, 0.029244656970535753, 0.01896895790694593, 0.134154357049115, 0.0461987795889049, 0.03943757236752726]	[0, 0, 0, 0, 1, 0]
[0.015112562173656497, 0.053337088453182295, 0.011248434974106976, 0.13566877411885583, 0.09365619679410139, 0.042610602324324225]	[0, 0, 0, 0, 1, 0]
[0.015265667685920062, 0.013568274654590574, 0.018113849036310265, 0.19987438287540937, 0.18281095753838986, 0.04608250837605695]	[0, 0, 0, 0, 1, 0]
[0.015391313206377369, 0.011388966339200902, 0.035105439748078136, 0.20187322661956944, 0.12782349339705346, 0.04895247296446871]	[0, 0, 0, 0, 1, 0]
[0.0071405402079138805, 0.18293261604321445, 0.002369612073363597, 0.10952251726694254, 0.1745442380704933, 0.03951024026495255]	[0, 0, 0, 1, 0, 0]
[0.00891623449624585, 0.003967697226777026, 0.01389912777065826, 0.30341187257654717, 0.5435129731631368, 0.04987753634123162]	[0, 0, 0, 1, 0, 0]
[0.01961217107128283, 0.16960552976495896, 0.0019232179575358191, 0.09726643918152855, 0.11196332725731355, 0.034252043519308724]	[0, 0, 0, 1, 0, 0]
[0.2658909970076928, 0.008087893985362157, 0.7761774246123362, 0.10575944673484021, 0.0004160407443704751, 0.048986159826140276]	[0, 0, 1, 0, 0, 0]
[0.14655988438418738, 0.040124154199041015, 0.7369733898958941, 0.07114654573758146, 0.00022101526012927066, 0.05042997287291907]	[0, 0, 1, 0, 0, 0]
[0.1844986430577592, 0.016728886088371208, 0.7911871252597601, 0.08948703959523367, 0.0002970038230842267, 0.05124007335830776]	[0, 0, 1, 0, 0, 0]
[0.047127455364510025, 0.7777424341973862, 0.001149302130786919, 0.03355781750317174, 0.008979250917842433, 0.027006439385672484]	[0, 1, 0, 0, 0, 0]
[0.05137915096885574, 0.8242545643509764, 0.0008087179716611888, 0.030618560144886568, 0.00879449278408413, 0.02569688744079331]	[0, 1, 0, 0, 0, 0]
[0.14743817240007248, 0.6437705629579019, 0.0004955921580382068, 0.036093520515358975, 0.012261932006534488, 0.021860578112518302]	[0, 1, 0, 0, 0, 0]
[0.8423886063234663, 0.33547548519771464, 0.0011492098518698377, 0.029415199873439234, 0.0013631433938778577, 0.015747122294532675]	[1, 0, 0, 0, 0, 0]
[0.9713171519966604, 0.0057738031927064585, 0.04048952525028909, 0.07626514276037345, 0.0007188158114698308, 0.01926728382541026]	[1, 0, 0, 0, 0, 0]
[0.7804107598442376, 0.08952306713816678, 0.029015563109498065, 0.04400719184117011, 0.0004856065082589857, 0.022976027870821085]	[1, 0, 0, 0, 0, 0]
[0.9252084377200117, 0.059567625296547536, 0.022147076953377046, 0.042225852035084804, 0.0003466946919560932, 0.019393585662838924]	[1, 0, 0, 0, 0, 0]
[0.8270041334966046, 0.1296317853219449, 0.019376853448240403, 0.037386268033637135, 0.0003872045837233497, 0.021108548339244373]	[1, 0, 0, 0, 0, 0]
[0.7708135746685261, 0.14181212299616217, 0.0043104740954621225, 0.0425520649149172, 0.0016335964679970619, 0.01932493324133651]	[1, 0, 0, 0, 0, 0]
[0.0007540198383376123, 0.9292860980451422, 0.00039971821739706256, 0.046621491226278025, 0.1427449207779718, 0.040204143787512796]	[0, 0, 0, 0, 1, 0]
[0.002614553342422938, 0.7264017587248931, 0.00014055503631877, 0.06960019456023255, 0.3737105558619088, 0.032956799229485384]	[0, 0, 0, 0, 1, 0]
[0.0008079036611391781, 0.5948423937263927, 0.00021929952132378712, 0.09910126584585491, 0.620900717251469, 0.0402955697928172]	[0, 0, 0, 0, 1, 0]
[0.0016724073843258917, 0.17617299603384387, 0.00010517036758207318, 0.16836664958964204, 0.8978706277681732, 0.03650922384242345]	[0, 0, 0, 0, 1, 0]
[0.002119841664187533, 0.3935894065864476, 6.430589642459078e-05, 0.11938152171321102, 0.8136497059546695, 0.03295467005493941]	[0, 0, 0, 0, 1, 0]
[0.0006046951566286285, 0.4041216796616192, 0.00012710337333912285, 0.13680556413931602, 0.8597136469333639, 0.04077816616688843]	[0, 0, 0, 0, 1, 0]
[0.0008622948776067591, 0.2519781976675061, 9.679441555269437e-05, 0.16300281116066279, 0.9137149329120255, 0.038885646716051214]	[0, 0, 0, 0, 1, 0]
[0.001517168102995156, 0.8633661574970893, 0.0003545132162697027, 0.053549281633771345, 0.16738340895454187, 0.03723003785804848]	[0, 0, 0, 0, 1, 0]
[0.0010290737805687582, 0.814720885041488, 0.0004908966862570092, 0.0630733784607214, 0.21764493388103792, 0.04057101679618275]	[0, 0, 0, 1, 0, 0]
[0.0009866576798586305, 0.828341234762047, 0.0005462983907390994, 0.06112990412421626, 0.19547773638220828, 0.04104495585163605]	[0, 0, 0, 1, 0, 0]
[0.02685058010569086, 0.17241575357095631, 0.290370752510204, 0.06420729288347203, 0.001124304152307221, 0.0515054359903298]	[0, 0, 1, 0, 0, 0]
[0.010687562474432765, 0.08597363583517861, 0.8816791837838169, 0.08007552681860883, 0.0003957780276973965, 0.07482449029076219]	[0, 0, 1, 0, 0, 0]
[0.009250136656619076, 0.285871570823528, 0.006048304102107481, 0.08193967102045067, 0.04652275247183818, 0.040721174475243524]	[0, 0, 1, 0, 0, 0]
[0.001207468488880069, 0.8497162161150499, 0.00017848541681571493, 0.06050183487972911, 0.3169191124631659, 0.03627079588173002]	[0, 1, 0, 0, 0, 0]
[0.0016171647270375189, 0.9850592045547903, 0.00040684219193853454, 0.023492987711879798, 0.02334952751884586, 0.03498522386422161]	[0, 1, 0, 0, 0, 0]
[0.0017955638712679706, 0.8505032236718069, 0.00022425920659359166, 0.055652925501539205, 0.2206912082822417, 0.03517683545046198]	[0, 1, 0, 0, 0, 0]
[0.01036967404406346, 0.32582458484325416, 0.0008622640167906825, 0.08609387977974699, 0.16262070443077487, 0.033876712990572995]	[1, 0, 0, 0, 0, 0]
[0.2613711149776725, 0.175756495856698, 0.0013870210077907702, 0.06148687864538794, 0.0181309706200656, 0.023166854397295256]	[1, 0, 0, 0, 0, 0]
[0.09622629396202675, 0.14181737859850801, 0.000929739106855412, 0.08360266998004741, 0.0729121058968478, 0.026251864645840863]	[1, 0, 0, 0, 0, 0]
[0.005348654478538277, 0.8489629574717864, 0.0009075855898217956, 0.04224608073130757, 0.03775262794999249, 0.03452304348680115]	[0, 0, 1, 0, 0, 0]
[0.0009930236922448946, 0.8123628080679431, 0.007473787241012362, 0.05295087382339802, 0.028967986719152794, 0.05119117845574422]	[0, 1, 0, 0, 0, 0]
[0.0059224606881738764, 0.9296187255075438, 0.0005462244881392109, 0.03210264662461285, 0.026373743346441648, 0.03187438202418508]	[0, 0, 1, 0, 0, 0]
[0.2018350285158153, 0.8542166882245437, 0.0002361436507201561, 0.023742790932631513, 0.006410552806552046, 0.01890413414318351]	[0, 1, 0, 0, 0, 0]
[0.046451092196722686, 0.6532224369772027, 0.00021356244718119354, 0.04672520923702473, 0.058897042513497706, 0.023858648980641058]	[0, 1, 0, 0, 0, 0]
[0.20054306570060498, 0.7388931173549167, 0.00016294113177543773, 0.031390620989093856, 0.016016017243543543, 0.018715847498544422]	[0, 1, 0, 0, 0, 0]
[0.6451302778852408, 0.039078417553898, 0.00020657815097154485, 0.09224250406319283, 0.09577570597828323, 0.016755943319904074]	[0, 0, 0, 0, 1, 0]
[0.044993103924482906, 0.01694631001584826, 0.0006506437815133415, 0.1944801712215548, 0.5652236080824677, 0.03008741546097666]	[0, 0, 0, 0, 1, 0]
[0.32848421530103705, 0.09050918048036233, 0.0003012588111315356, 0.0831008070591498, 0.08916356090127095, 0.019939081592528413]	[0, 0, 0, 0, 1, 0]
[0.5915758611218449, 0.751025644959853, 6.74902712590629e-05, 0.024197017186106926, 0.008539672345953314, 0.013846645290197775]	[0, 0, 0, 1, 0, 0]
Accuracy: 42.2535211268
True Positives: 30
False Positives: 23
False Negatives: 18
Precision: 0.566037735849
Recall: 0.625
