RESULT
[0.8222114142716351, 0.020827736977643212, 0.25930640573398706, 0.08622260139361906, 0.00017376155607984204, 0.002985996762173019]	[1, 0, 0, 0, 0, 0]
[0.8087371579061818, 0.028533762278420926, 0.23204740680680863, 0.11515414052728845, 0.00013650153598167321, 0.0024401775227065005]	[1, 0, 0, 0, 0, 0]
[0.6171056972367064, 0.047810976201236, 0.0837095973541819, 0.13983925142220305, 0.0004303465755026932, 0.0019878528815971785]	[1, 0, 0, 0, 0, 0]
[0.9990778684747557, 0.0008472592720959608, 0.020192468510485163, 0.005065550741219257, 0.006090744528903808, 0.010377633136844089]	[1, 0, 0, 0, 0, 0]
[0.9863317759774614, 0.0026632970550315616, 0.10045085138859156, 0.005139135133431344, 0.0028368252165039804, 0.0135900323682379]	[1, 0, 0, 0, 0, 0]
[0.9654202803542972, 0.002362485172157517, 0.12798352493812118, 0.0038001461320014023, 0.004541605171885391, 0.015482642554210236]	[1, 0, 0, 0, 0, 0]
[0.9958265776385998, 0.00047458188519822366, 0.006416922510536695, 0.004758560850084874, 0.08015765266203241, 0.011267870068234006]	[1, 0, 0, 0, 0, 0]
[0.08903970263635129, 0.41032126307768024, 0.001553798723850836, 0.2614176098526661, 0.007214891916901002, 0.0009579443356329514]	[0, 1, 0, 0, 0, 0]
[0.001973637714243815, 0.94384532275966, 0.0003555306000650425, 0.07312364080376141, 0.025132522823707256, 0.0017078188117534714]	[0, 1, 0, 0, 0, 0]
[0.019032445571827185, 0.35254905397747227, 0.0007707349436733226, 0.09537519636217415, 0.07460686421431603, 0.0020969603343195817]	[0, 1, 0, 0, 0, 0]
[0.022405372154711008, 0.37410569482895556, 0.0006019447207538415, 0.01746101762319687, 0.1635789602264064, 0.005103719350204464]	[0, 1, 0, 0, 0, 0]
[0.0010245213944449025, 0.007100870327995727, 0.9996328004866047, 0.00846671720304071, 3.887752801727738e-05, 0.030306210950771375]	[0, 0, 1, 0, 0, 0]
[0.0006891627211531205, 0.005030652203702468, 0.9987618499128762, 0.012372510254857963, 0.00022289869524422105, 0.026138031086315416]	[0, 0, 1, 0, 0, 0]
[0.001902910773851407, 0.01402031642431381, 0.9922709309866018, 0.005372322052856382, 0.0003298519179926231, 0.02691572509741982]	[0, 0, 1, 0, 0, 0]
[0.054804364853396126, 0.023497001091186385, 0.003702894485284855, 0.8311204290065638, 0.02809050767845065, 0.0004146765187506138]	[0, 0, 0, 1, 0, 0]
[0.23641675632192136, 0.004493279079687559, 0.002761619677317114, 0.8446717780464976, 0.04976554067527035, 0.0003804781299601398]	[0, 0, 0, 1, 0, 0]
[0.08941639185246951, 0.027942442683567704, 0.0008209704681487252, 0.6494216804113804, 0.08290579723167786, 0.0005199856116328238]	[0, 0, 0, 1, 0, 0]
[0.0015439749020076114, 0.013624004421485836, 0.0018636571061584404, 0.04148726202850371, 0.9542828557812361, 0.009223745652138309]	[0, 0, 0, 0, 1, 0]
[0.0016128549581817973, 0.04053206351101729, 0.0017585748603474046, 0.06600486634397677, 0.8264071107396221, 0.005598103145888985]	[0, 0, 0, 0, 1, 0]
[0.019646180799852506, 0.006051834185986183, 0.2598766895749153, 0.00013063927856087082, 0.5116676243199342, 0.18234633542833964]	[0, 0, 0, 0, 1, 0]
[0.007594789385566813, 0.013738065877194639, 0.09397389083964161, 0.0005349980369945622, 0.5016278045235568, 0.08150741256091837]	[0, 0, 0, 0, 0, 1]
[0.015624144730994516, 0.0045843784544302435, 0.03717371059537816, 0.0009465401371769189, 0.812401305236066, 0.0635134845647988]	[0, 0, 0, 0, 1, 0]
[0.8415195234711664, 0.006974779098903869, 0.04181336617234803, 0.3072892513562722, 0.00081547793802827, 0.0009670866700793097]	[1, 0, 0, 0, 0, 0]
[0.9488459222074149, 0.009753642755903805, 0.039265482668426055, 0.1661365119661108, 0.00037355744385610503, 0.001208290265575218]	[1, 0, 0, 0, 0, 0]
[0.9476403274343066, 0.009653557306127764, 0.07769794741523155, 0.18149937829117532, 0.00021525879554359578, 0.0013092189142052781]	[1, 0, 0, 0, 0, 0]
[0.9796642188300752, 0.0034209969096139097, 0.18648749567820933, 0.00393338814729464, 0.00043017076053548914, 0.008152716901329746]	[1, 0, 0, 0, 0, 0]
[0.9822171348664424, 0.00800138960873547, 0.12128619910363574, 0.00883718567144014, 0.00021915699508380846, 0.0050428693084482576]	[1, 0, 0, 0, 0, 0]
[0.9674726056248574, 0.004523207562448824, 0.129995884923627, 0.0016111130902079773, 0.0015578221160581188, 0.015404635824613624]	[1, 0, 0, 0, 0, 0]
[0.9493490725763667, 0.009243764368913682, 0.11447310512462852, 0.0009321006459204589, 0.0018526795603497866, 0.022262258466082728]	[1, 0, 0, 0, 0, 0]
[0.028391330263729406, 0.08665873216739525, 0.039123483587712775, 0.13735371084267714, 0.004286678543712495, 0.0022068508210309626]	[0, 1, 0, 0, 0, 0]
[0.004403889651190525, 0.6495547516080753, 0.07359530468343194, 0.0209609734216741, 0.0011527370299666995, 0.005703883636056142]	[0, 1, 0, 0, 0, 0]
[0.06304200002532669, 0.7735872912213551, 0.13802450583425374, 0.03443550203903438, 5.2137685538008195e-05, 0.00384098713800112]	[0, 1, 0, 0, 0, 0]
[0.010264430878060836, 0.03141779018862237, 0.9799212499641192, 0.018611629081727737, 5.175506394775495e-05, 0.011143697020562416]	[0, 0, 1, 0, 0, 0]
[0.14693885797283848, 0.007160017017348816, 0.9757148368467399, 0.0008365058499615195, 0.00017196332457909878, 0.04710361779469886]	[0, 0, 1, 0, 0, 0]
[0.025985680042009813, 0.018339173878468937, 0.9769890374572945, 0.002797719524022851, 0.00015218068037498768, 0.030270558142130692]	[0, 0, 1, 0, 0, 0]
[0.13515982821276532, 0.003208890613973592, 0.0013464131020593222, 0.8267786390686045, 0.06027769815361206, 0.00020978147435339424]	[0, 0, 0, 1, 0, 0]
[0.00037338342849402626, 0.004091276181804249, 0.004042350980528377, 0.9760935929440944, 0.2654036142398588, 0.0001338116516412942]	[0, 0, 0, 1, 0, 0]
[0.0004886421656937291, 0.0005112535574136436, 0.018553205294486362, 0.5460776142823134, 0.7454565767493421, 0.001116517140472926]	[0, 0, 0, 0, 1, 0]
[3.1572662522402454e-05, 0.02019233045062147, 0.001140032181171971, 0.0017997330222929507, 0.9971624331287674, 0.03579010933419555]	[0, 0, 0, 0, 1, 0]
[0.00011888042480984052, 0.00908079968711486, 0.0003548803606121283, 0.0019735763904711796, 0.9987923496020642, 0.02707088541910851]	[0, 0, 0, 0, 1, 0]
[0.021053939557925477, 0.020478441390142182, 3.237972074044838e-05, 0.06270934529689011, 0.9136914113659778, 0.0014992875396827204]	[0, 0, 0, 0, 1, 0]
[0.0018429016733086823, 0.047626642673837184, 0.4645754872218793, 4.808246220902299e-06, 0.4087373459275951, 0.5316888313859032]	[0, 0, 0, 0, 0, 1]
[0.007287413570490301, 0.009933320313482074, 0.5257166856968737, 2.0397177485964857e-05, 0.24083091566599363, 0.28785639365103804]	[0, 0, 0, 0, 1, 0]
[0.04081433508601177, 0.0045497322780415055, 0.8710033672475085, 9.267139849841657e-06, 0.047364710280638864, 0.38918875509134093]	[0, 0, 1, 0, 0, 0]
[0.021535849976637926, 0.23275193869027178, 0.7086345365675881, 8.202777522240413e-05, 0.0009993523490086059, 0.11646847247256774]	[0, 0, 1, 0, 0, 0]
[0.3533099179390936, 0.14925172200184858, 0.1035623948154206, 0.014618356256091465, 0.00024839897295664916, 0.004305575080086178]	[0, 1, 0, 0, 0, 0]
[0.9408754308005011, 0.08458856404862516, 0.03898977151454069, 0.009266218095188874, 0.00022333247749557143, 0.004874645862799017]	[1, 0, 0, 0, 0, 0]
[0.5074795107181092, 0.32912617421215856, 0.027179603333696165, 0.025953698809673856, 0.00018987382925733513, 0.0025874898436393425]	[1, 0, 0, 0, 0, 0]
[0.9650796358918698, 0.015379994832230315, 0.05396426755011539, 0.005238566709667853, 0.0009262535965179613, 0.008050164647722855]	[1, 0, 0, 0, 0, 0]
[0.9900361203139911, 0.054922750402954634, 0.031916833438439096, 0.02465536660934149, 8.735881018413282e-05, 0.0028073422302271633]	[1, 0, 0, 0, 0, 0]
[0.9836686938243431, 0.03593543360059215, 0.020641734952451647, 0.018253088834675007, 0.00029671819511481353, 0.0032862901591955945]	[1, 0, 0, 0, 0, 0]
[0.013784217781592998, 0.9515052481723666, 0.0022525923994625233, 0.00046921391635438724, 0.014769502804036955, 0.027603288590944342]	[0, 1, 0, 0, 0, 0]
[0.0018449654741443783, 0.979455454530834, 0.005006048366840205, 0.0025373553274824568, 0.0035777664237049474, 0.01133303830282426]	[0, 1, 0, 0, 0, 0]
[0.0020781165544623147, 0.9931143738670133, 0.0007953942763421327, 0.029444873734142733, 0.0017518642648895225, 0.002352934750969803]	[0, 1, 0, 0, 0, 0]
[0.014289758140778683, 0.0889730079024767, 0.9754571816403718, 0.01311296541377566, 1.4674602313982153e-05, 0.008284391878532558]	[0, 0, 1, 0, 0, 0]
[0.357727592936503, 0.001468845927050186, 0.9621647886423847, 0.002068890387628874, 0.0005178190137769306, 0.0371054091852594]	[0, 0, 1, 0, 0, 0]
[0.004339401994464625, 0.02581330730629425, 0.9967843559408488, 0.005736127382342271, 2.4328824153176922e-05, 0.02020600580027774]	[0, 0, 1, 0, 0, 0]
[0.0005544309958965575, 0.0006651864491593881, 0.10140377835377222, 0.8939563347964723, 0.17998714168060193, 0.000629698459809734]	[0, 0, 0, 1, 0, 0]
[0.024239769895431452, 0.0023749989265753244, 0.029029051625401463, 0.956498231975437, 0.009773267524155598, 0.00020134711615009537]	[0, 0, 0, 1, 0, 0]
[0.008263409326410563, 0.004554777473656905, 0.08821100383466061, 0.901056745529136, 0.007964534673509079, 0.00041825449029181193]	[0, 0, 0, 1, 0, 0]
[0.0005432199269865109, 0.004692850175390524, 0.006565744815310436, 0.0030918422832172322, 0.9570962141435625, 0.02231334413132569]	[0, 0, 0, 0, 1, 0]
[0.0002344490406165584, 0.0006314923077995743, 0.019917189469081123, 0.0044047200354588945, 0.988923723696441, 0.03095929166245504]	[0, 0, 0, 0, 1, 0]
[0.0021740603898613084, 0.00949574595340708, 0.029115521933829838, 0.001041969662189388, 0.7358112580774618, 0.04482476217664712]	[0, 0, 0, 0, 1, 0]
[0.06184801859310113, 0.09207614354032323, 0.087164751398088, 3.82109843285935e-05, 0.09070184119179278, 0.1771405978700202]	[0, 1, 0, 0, 0, 0]
[0.039307896996642666, 0.021301805372591284, 0.808523641881163, 4.9414259354983716e-05, 0.010658620920637194, 0.21520522823693702]	[0, 0, 0, 0, 0, 1]
[0.004790980410473246, 0.21130976573182775, 0.7318231331741676, 8.699991735910326e-05, 0.005151317723271288, 0.15926972716553078]	[0, 1, 0, 0, 0, 0]
[0.034435864568691237, 0.015255531743038933, 0.7280657689796023, 0.00011451917595234699, 0.01847340341521623, 0.15451612426536798]	[0, 0, 1, 0, 0, 0]
[0.007605180767303978, 0.07138134476013605, 0.8588521352130092, 0.3861212961781288, 0.0001542655804107532, 0.002817692848440638]	[0, 0, 0, 1, 0, 0]
[0.04035399277021493, 0.05561108608088649, 0.7436584920395095, 0.31645497284578383, 0.000191632607284387, 0.0030401034704737183]	[0, 0, 0, 1, 0, 0]
[0.05811847150922954, 0.0845460002718777, 0.5440436456012507, 0.42487168479172127, 0.00016482938646002884, 0.0020240980479585627]	[0, 0, 0, 1, 0, 0]
[0.5961448499493331, 0.007164085703727942, 0.060646665492210615, 0.2586339201567822, 0.004214478180419784, 0.002498100624166161]	[1, 0, 0, 0, 0, 0]
[0.512162446926631, 0.0011650672110296982, 0.26785414785344547, 0.0402083077000905, 0.020105424630587274, 0.012224546438971695]	[1, 0, 0, 0, 0, 0]
[0.00023046480635483348, 0.6514734389477517, 0.030006200722977452, 0.14138028734777214, 0.02536312762726331, 0.004511755290196751]	[0, 1, 0, 0, 0, 0]
[8.189466859415073e-05, 0.5343978623377773, 0.1540572442673315, 0.164807377980856, 0.013620130846607226, 0.005540343881013973]	[0, 1, 0, 0, 0, 0]
[0.761467956005024, 0.015136225670410935, 0.062261973952859075, 0.4367604731080331, 0.0008661844029521738, 0.0014461907084629478]	[0, 1, 0, 0, 0, 0]
[0.02610224819663318, 0.013036614117913304, 0.9501522951587899, 0.13175441638337076, 0.00020031745987195116, 0.006610974237904194]	[0, 0, 1, 0, 0, 0]
[0.007843353368648108, 0.007190680274885206, 0.9862274408487461, 0.0395404497079588, 0.0003664986843674897, 0.01440946051996718]	[0, 0, 1, 0, 0, 0]
[0.02617618214697394, 0.004481214616013259, 0.9780310760783975, 0.03801319285517255, 0.00041553381708383494, 0.013386384534287287]	[0, 0, 1, 0, 0, 0]
[2.6516930047098202e-05, 0.004561245616021207, 0.17602488599144794, 0.9354590512461334, 0.12329379251203694, 0.0006494564524789897]	[0, 0, 0, 1, 0, 0]
[1.8961926706690152e-05, 0.0034049984465464272, 0.15073810992893227, 0.9703577949758977, 0.1285376928894024, 0.0003938553954589661]	[0, 0, 0, 1, 0, 0]
[4.243222346941616e-05, 0.005194151980633709, 0.12229780894188351, 0.9688831131359392, 0.07953470209315645, 0.0003746589454301444]	[0, 0, 0, 1, 0, 0]
[8.145605784344575e-05, 0.002694995219987239, 0.2661860290702377, 0.3763974539573651, 0.33363167412459493, 0.004086468254129028]	[0, 0, 0, 0, 1, 0]
[3.6727837828093906e-05, 0.010246273218038756, 0.13193799876078807, 0.6439447506394971, 0.2411562295782823, 0.002098337919918814]	[0, 0, 0, 0, 1, 0]
[2.5956409483313407e-05, 0.00462162645012909, 0.07452122306052929, 0.8077729046173144, 0.4323075774459812, 0.001170602537414577]	[0, 0, 0, 1, 0, 0]
[0.00015800248735187657, 0.005092588503868669, 0.9426900634711456, 0.14093115427139852, 0.01237645504783219, 0.009841577910186122]	[0, 0, 1, 0, 0, 0]
[0.0001358054020700087, 0.002168369527722859, 0.9236535834822501, 0.13618516448625054, 0.0316908794364497, 0.009560702876955037]	[0, 0, 1, 0, 0, 0]
[0.00028559507301169107, 0.003690299771647817, 0.7895398804480369, 0.15867992607067183, 0.04087267050598433, 0.00834738302510305]	[0, 0, 1, 0, 0, 0]
[0.6613842237662314, 0.02535791484456481, 0.16411793366595406, 0.020944438648601203, 0.001051663687554563, 0.006587137363537571]	[1, 0, 0, 0, 0, 0]
[0.9388760963021744, 0.008566746448764422, 0.041187292422540656, 0.041854996116609304, 0.0037832412955466996, 0.005068115046837817]	[1, 0, 0, 0, 0, 0]
[0.898605967213655, 0.01670703066087402, 0.08431434210119708, 0.0034654905970012834, 0.005362986375520302, 0.01974092259783865]	[1, 0, 0, 0, 0, 0]
[0.8174225218764297, 0.017347914078946924, 0.042343493448125075, 0.04500821130965693, 0.003822389604048687, 0.005494465864283004]	[1, 0, 0, 0, 0, 0]
[0.7706571431893209, 0.013500643121418502, 0.06278142476980907, 0.23024753419169203, 0.0013963445553324238, 0.0021619711779108635]	[1, 0, 0, 0, 0, 0]
[0.883250235045573, 0.006668658803712716, 0.05692442761247503, 0.046084031235132446, 0.004853220273166119, 0.005210303751401266]	[1, 0, 0, 0, 0, 0]
[0.09656322832915991, 0.349026993803823, 0.034155846071332624, 0.013357964556898316, 0.004484388458640083, 0.009433814217061378]	[0, 1, 0, 0, 0, 0]
[0.07989771676958059, 0.12659260989222343, 0.32957668204813, 0.003243703704954341, 0.002252915928699763, 0.022616028607260988]	[0, 1, 0, 0, 0, 0]
[0.15905431108896542, 0.11244578280673459, 0.14675863501583775, 0.004128253114729348, 0.004092337921759265, 0.018949236958123335]	[0, 1, 0, 0, 0, 0]
[0.014681678477201103, 0.007854723756296604, 0.9923432731321139, 0.00449952844396139, 0.00014624933778419383, 0.024488813187432328]	[0, 0, 1, 0, 0, 0]
[0.022694222148714492, 0.005126489019480747, 0.9892339619209848, 0.0022568455698238803, 0.0003565747242945159, 0.03652910860985585]	[0, 0, 1, 0, 0, 0]
[0.040475541642936264, 0.007369878637202391, 0.9678787633221062, 0.0068580231813318215, 0.00044779284149673755, 0.02359157674263804]	[0, 0, 1, 0, 0, 0]
[0.586162406267206, 0.002465781146774578, 0.013145364378201569, 0.27819116866125704, 0.056832811696723065, 0.00246436428907398]	[1, 0, 0, 0, 0, 0]
[0.44889680528010034, 0.005260177520967916, 0.005097481494593941, 0.5145995441359015, 0.04198666697223413, 0.0011271573451003178]	[0, 0, 0, 1, 0, 0]
[0.012447424830782665, 0.0019135244520837246, 0.002147835401745944, 0.5550371721118755, 0.7283603136068384, 0.0012047719097960053]	[0, 0, 0, 0, 1, 0]
[0.21270813598592408, 0.015913748809644444, 0.00047130608943548176, 0.10993301911884217, 0.5492077186610363, 0.003112692503374094]	[0, 0, 0, 0, 1, 0]
[0.0028543520051401215, 0.016868993019888045, 0.0007957694580137699, 0.2783143138104687, 0.8647938992066527, 0.002379681072773454]	[0, 0, 0, 0, 1, 0]
[0.01033300484797213, 0.03487296911943519, 0.8755378318716497, 0.001351478102845146, 0.0031477526543680742, 0.050529738731627916]	[0, 0, 0, 0, 0, 1]
[0.012102013924866317, 0.05498218819264834, 0.569817784373349, 0.0032772041367492427, 0.007792046473502919, 0.032187030794299944]	[0, 0, 1, 0, 0, 0]
[0.012290817852114902, 0.0205105821542822, 0.9147096336977941, 0.0021167192621588888, 0.0021844523309226603, 0.04050161027697482]	[0, 0, 1, 0, 0, 0]
[0.8352685433177528, 0.014382105188848195, 0.2970357236442006, 0.0016215720770744182, 0.0006524728526667113, 0.019236238166643025]	[1, 0, 0, 0, 0, 0]
[0.9526819599376474, 0.00729738372080656, 0.25507121467543675, 0.0008049392132467959, 0.0011439457813275137, 0.03176459825844015]	[1, 0, 0, 0, 0, 0]
[0.9821776633623931, 0.0039201676340323765, 0.17995785383897397, 0.0024359026942004595, 0.0008332846336285368, 0.016162890717161305]	[1, 0, 0, 0, 0, 0]
[0.9989537128736662, 0.0017224531347547994, 0.03280949354666873, 0.0010393239956415176, 0.0029979712704072624, 0.019377103664637955]	[1, 0, 0, 0, 0, 0]
[0.99732469840399, 0.0006758171315972072, 0.11668996072239236, 0.0008985163333680621, 0.0032122813667595173, 0.025390941156035036]	[1, 0, 0, 0, 0, 0]
[0.9991772332852998, 0.0008629431185067959, 0.03840588110134709, 0.002193139243968388, 0.002656479973236226, 0.013600164058262924]	[1, 0, 0, 0, 0, 0]
[0.015550059771234881, 0.9004276188064583, 0.0016581096902516994, 0.01285093498869609, 0.004152695795442009, 0.003613283053866556]	[0, 1, 0, 0, 0, 0]
[0.004948949470063262, 0.7306895544757379, 0.014142133715830856, 0.0007161677803492565, 0.02289617273179382, 0.031051185857702664]	[0, 1, 0, 0, 0, 0]
[0.04565851895695633, 0.2571920633362383, 0.009309746942431094, 0.003265302544956902, 0.015461288246779687, 0.010950321106739993]	[0, 1, 0, 0, 0, 0]
[0.06349596137409137, 0.0036334491660334326, 0.9969076115100751, 0.005712851544924809, 1.935164635144271e-05, 0.020131314544658316]	[0, 0, 1, 0, 0, 0]
[0.0400497321071926, 0.0041672018419193066, 0.9883612637818762, 0.01274903336889991, 7.203391710209275e-05, 0.01374275225862621]	[0, 0, 1, 0, 0, 0]
[0.001513416492405171, 0.0011620327317105926, 0.998011800164665, 0.00023944329854323992, 0.0049230410600289345, 0.20633839259682812]	[0, 0, 1, 0, 0, 0]
[0.13146572421390149, 0.0002538349535938199, 0.0006040386867041374, 0.26540797916040204, 0.8262733067282507, 0.0010756101419578698]	[0, 0, 0, 1, 0, 0]
[0.00991026514760567, 0.0004452509150911954, 0.005578166674806366, 0.4392748378717443, 0.5243867887259899, 0.0009713700552919593]	[0, 0, 0, 0, 1, 0]
[0.0005002819635079984, 0.00024712458727921505, 0.015874513858254207, 0.14868223326683416, 0.9002467544452969, 0.0030773451587569087]	[0, 0, 0, 0, 1, 0]
[0.0015886708199235235, 0.004919611348988599, 0.006764758313756216, 0.00214823069899622, 0.9306216870189963, 0.028451538784536115]	[0, 0, 0, 0, 1, 0]
[0.0031955443593936744, 0.2857579034804803, 0.0037077958157107223, 3.8762725446269814e-05, 0.7798636221487242, 0.16874417191938526]	[0, 0, 0, 0, 1, 0]
[0.0001643934283110087, 0.025340198607830187, 0.00026893252445186306, 0.0005473329425793952, 0.9985767023048258, 0.04994384273495336]	[0, 0, 0, 0, 1, 0]
[0.06790753671858676, 0.021405816958446497, 0.11383335817032719, 4.724504655336755e-05, 0.17936830127950587, 0.1844446933180095]	[0, 0, 0, 0, 0, 1]
[0.048358035489616175, 0.0007977593010690286, 0.7954249987215182, 9.470543503130061e-05, 0.17301832985802695, 0.2460172610102491]	[0, 0, 1, 0, 0, 0]
[0.03786888074811611, 0.012101434968364, 0.8313735510655976, 2.7775335619808882e-05, 0.018844964847736165, 0.2897155112960579]	[0, 0, 0, 0, 0, 1]
[0.2664402485402598, 0.07217630256166721, 0.15837487765814162, 0.06306094476584635, 0.0006229625304390524, 0.0037846184913355196]	[1, 0, 0, 0, 0, 0]
[0.07301391758739771, 0.12151654739160679, 0.3385599560904931, 0.017350212891633167, 0.0007975294490901964, 0.008800204061248533]	[0, 1, 0, 0, 0, 0]
[0.03250962303370676, 0.031450328043528236, 0.6165468542071161, 0.009090597733243383, 0.0024364156795149824, 0.016399922510935024]	[0, 1, 0, 0, 0, 0]
[0.4724930788420906, 0.005583302483057523, 0.05839696090269348, 0.01197664260751667, 0.03296375468470603, 0.011770934910033374]	[1, 0, 0, 0, 0, 0]
[0.7841922359064923, 0.009832601037025069, 0.04311656126264996, 0.015286048671801212, 0.007832724745160977, 0.008095540635191863]	[1, 0, 0, 0, 0, 0]
[0.8352774801256253, 0.0035998948609263794, 0.017689414639975583, 0.016829762150627904, 0.042359972151877916, 0.008389066239820586]	[1, 0, 0, 0, 0, 0]
[0.007581876563662463, 0.8666413191458172, 0.0019039678464872283, 0.15060563950748995, 0.004334157286005339, 0.001405559269244391]	[0, 1, 0, 0, 0, 0]
[0.0030467603087141804, 0.7365264314450793, 0.001752207361392805, 0.28299355865591896, 0.013099949104971162, 0.0011280518158963105]	[0, 1, 0, 0, 0, 0]
[0.005682873819685456, 0.6659020549617037, 0.0029068146837625966, 0.022407854589684802, 0.030289823292206836, 0.0045432146195629065]	[0, 1, 0, 0, 0, 0]
[0.1300149088100458, 0.04782192230438816, 0.598894742039927, 0.04758763605998738, 0.00028668125237233034, 0.00611669101105444]	[0, 0, 1, 0, 0, 0]
[0.46790042803604015, 0.017728254899109643, 0.45645151215712254, 0.045086742333294516, 0.0005310076254668026, 0.006431604398441129]	[0, 0, 1, 0, 0, 0]
[0.003871037650140432, 0.01808770791663609, 0.9646687402167309, 0.023506061899258836, 0.0007760154739184308, 0.016686198484858476]	[0, 0, 1, 0, 0, 0]
[0.007955270430554036, 0.07543377259231138, 0.004655485044324949, 0.7998009392274488, 0.017235061415565214, 0.0003811812382709492]	[0, 0, 0, 1, 0, 0]
[0.039673826254521656, 0.13174934276560027, 0.0017811040360554886, 0.8159853725453873, 0.006948025065644024, 0.0002569351449473927]	[0, 0, 0, 1, 0, 0]
[0.03953484529212841, 0.04808627056160546, 0.0015927539231699575, 0.8056970774469001, 0.021620110649331663, 0.00028717144009300237]	[0, 0, 0, 1, 0, 0]
[0.023776643924558628, 0.010749478266876717, 0.005050283764003203, 0.08838860999676118, 0.35724147173398785, 0.004021393708546107]	[0, 0, 0, 0, 1, 0]
[0.008141347817215067, 0.0017719867904918616, 0.0011982374835258437, 0.2274728160151503, 0.9144668507528936, 0.0026258666157133424]	[0, 0, 0, 0, 1, 0]
[0.11558531856622822, 0.0023625534126029443, 0.003241198184030161, 0.17011500749202346, 0.5384138126137383, 0.003589033911228259]	[0, 0, 0, 0, 1, 0]
[0.008102466174870116, 0.41469738592160144, 0.005786565571405064, 0.08676729612880452, 0.016614533377047904, 0.0026834759452230342]	[0, 1, 0, 0, 0, 0]
[0.006951524473823642, 0.2580100187465107, 0.003737192005247545, 0.03361260396873897, 0.08138649065014424, 0.004447890022232564]	[0, 1, 0, 0, 0, 0]
[0.01497914859528645, 0.575784702429111, 0.01748839885254576, 0.011400329970888095, 0.006432007502409923, 0.007513387078829131]	[0, 1, 0, 0, 0, 0]
[0.027073519522673662, 0.08039099409211616, 0.3315034835005649, 0.02432931824592407, 0.004095430885785203, 0.008505847779245028]	[0, 0, 1, 0, 0, 0]
[0.0016512669164242123, 0.04775689114662827, 0.8879879817271216, 0.010361828231168982, 0.0035673437936455297, 0.019495455612249937]	[0, 1, 0, 0, 0, 0]
[0.028402689555566404, 0.022600965396667273, 0.6299393315073303, 0.004037636646257518, 0.01021247418126652, 0.02704490931720044]	[0, 0, 1, 0, 0, 0]
[0.8720628934572422, 0.0012050795083719172, 0.05515451070975493, 0.01437094441344491, 0.05352054673242304, 0.011287501593063935]	[1, 0, 0, 0, 0, 0]
[0.9362104973404217, 0.0025448015810441245, 0.043754525168286, 0.019667263796544883, 0.015116309305250217, 0.0071760561023035754]	[1, 0, 0, 0, 0, 0]
[0.542976531237328, 0.003761867149502179, 0.03675548893230193, 0.028144189068248084, 0.05331885610302684, 0.007087035744819096]	[1, 0, 0, 0, 0, 0]
[0.009395721015793121, 0.10236910668232524, 0.001504819052742621, 0.36797003460026223, 0.09990779331256773, 0.0008128194162987482]	[0, 1, 0, 0, 0, 0]
[0.00461207077426697, 0.9375657490807294, 0.0014360456022655386, 0.03781965927944503, 0.008158162885425443, 0.002219924260162448]	[0, 1, 0, 0, 0, 0]
[0.0021576046993186547, 0.5725968497393146, 0.0005922833255309743, 0.08401033191559312, 0.1861791108155833, 0.0019378469299152327]	[0, 1, 0, 0, 0, 0]
[0.029756151937162714, 0.003671969930750476, 0.8989471244700561, 0.002576202576714602, 0.012373120340202524, 0.045405366250497105]	[0, 0, 1, 0, 0, 0]
[0.003462957299723012, 0.008412786306678268, 0.9989029207446399, 0.0037277658441313096, 0.00011119776897213682, 0.0451560766005405]	[0, 0, 1, 0, 0, 0]
[0.026584689771982552, 0.005870658743101729, 0.9894023712244902, 0.0030194443672610194, 0.00040380193343750873, 0.034656990866915136]	[0, 0, 1, 0, 0, 0]
[0.006444073716189938, 0.06284309262971369, 0.006480205587380346, 0.8900361520443032, 0.021840131580605274, 0.00030611567998075874]	[0, 0, 0, 1, 0, 0]
[0.005394195037604132, 0.0378632886168773, 0.010352180562031028, 0.8906608667956587, 0.029291357030001512, 0.0003444868862253901]	[0, 0, 0, 1, 0, 0]
[0.0014112569891593088, 0.04128375978597009, 0.014688324477495004, 0.1788099651903193, 0.24021574238158305, 0.002522522029098013]	[0, 0, 0, 0, 1, 0]
[0.002546163584608093, 0.004298978210852498, 0.00013053952933855502, 0.04181485261729629, 0.9941396764377785, 0.003743820949743917]	[0, 0, 0, 0, 1, 0]
[0.001000042042926649, 0.014067527577423555, 0.00016204582545393002, 0.022443772484780092, 0.992830903187057, 0.005571399622544187]	[0, 0, 0, 0, 1, 0]
[0.0033901251782520723, 0.012766628919864772, 8.461146444915383e-05, 0.01752614666180209, 0.9940820342719869, 0.005898623259826407]	[0, 0, 0, 0, 1, 0]
[0.007784285847222264, 0.0019138495787917082, 0.00029075072388684244, 0.030166092359480815, 0.9882860709167193, 0.0043946341028664095]	[0, 0, 0, 0, 1, 0]
[0.005655543441829855, 0.015304779012046873, 0.008688397334154063, 0.0011431956763107197, 0.9167126132084202, 0.03771563093125204]	[0, 0, 0, 0, 1, 0]
[0.019989669835108876, 0.014901599073981382, 0.004161932739610041, 0.002310768441824382, 0.8438595441058945, 0.02059483316952366]	[0, 0, 0, 0, 1, 0]
[0.0023407844136082985, 0.06041715083039841, 0.06924973981490999, 0.000853182538169503, 0.4748682309032657, 0.04746613146748986]	[0, 0, 0, 0, 1, 0]
[0.9872715558660056, 0.014335840888142942, 0.009562141478783993, 0.01048573033887828, 0.0018349923238806351, 0.004077482231979665]	[1, 0, 0, 0, 0, 0]
[0.9885257354539337, 0.014358367627284081, 0.037778094464633656, 0.006764221768040363, 0.0005319762186823515, 0.00530284065396882]	[1, 0, 0, 0, 0, 0]
[0.99404568377156, 0.009286133409292026, 0.04128782385333431, 0.005833762602854054, 0.0006016835209181032, 0.006497971913449078]	[1, 0, 0, 0, 0, 0]
[0.9722039514796593, 0.014962149733268175, 0.04308593103198219, 0.018769140630374187, 0.0004779384027359878, 0.003390499154432996]	[1, 0, 0, 0, 0, 0]
[0.9952073212273083, 0.0021961896075644925, 0.039633566608042306, 0.0018847812778763108, 0.003907138370059453, 0.014518058427339133]	[1, 0, 0, 0, 0, 0]
[0.9854911521068149, 0.03564427875084293, 0.005437558458839734, 0.013448521183758182, 0.0011052881139176217, 0.002916983648506864]	[1, 0, 0, 0, 0, 0]
[0.8993449225742662, 0.10491984950349433, 0.0026897653647082014, 0.0034970442101136217, 0.006780023299292333, 0.006538256396826526]	[0, 1, 0, 0, 0, 0]
[0.6448883544845709, 0.26789868022322, 0.007187248823376714, 0.00434610406332158, 0.0030712645978370444, 0.007691509535413912]	[0, 1, 0, 0, 0, 0]
[0.6780876365240815, 0.2683483145050782, 0.012134852854541526, 0.0029314935589506153, 0.0018680377753548182, 0.009349342378992377]	[0, 1, 0, 0, 0, 0]
[0.5060128497226526, 0.0014777770049169549, 0.9652457107637302, 0.00016144727855621222, 0.0006632150004991898, 0.083286825039442]	[0, 0, 1, 0, 0, 0]
[0.5217645271326316, 0.005561862463091551, 0.9086596384285667, 0.0002606306047541452, 0.00041960478980839736, 0.05435245389397659]	[0, 0, 1, 0, 0, 0]
[0.35684257369100014, 0.0009858021577232856, 0.9805430600473516, 0.0005015119593449124, 0.0006952366270467737, 0.07118310506860874]	[0, 0, 1, 0, 0, 0]
[0.47082371877143137, 0.013298344376441496, 0.0043701939064140815, 0.15440181686785048, 0.021954196042545403, 0.0015423408304936384]	[0, 0, 0, 1, 0, 0]
[0.2241730948976075, 0.0006602977501997269, 0.002379438244675433, 0.2660325873200222, 0.5007852601940747, 0.0016466742203851748]	[0, 0, 0, 1, 0, 0]
[0.042286034430071597, 0.016277879238750532, 0.005907984863642695, 0.8457767843417574, 0.016419313734489245, 0.00034695702067629803]	[0, 0, 0, 1, 0, 0]
[0.11502287921884756, 0.0013563896627215067, 0.03341442627063906, 0.03091812349986207, 0.2155929210284416, 0.006991977374835899]	[0, 0, 0, 0, 1, 0]
[0.3818280118125189, 0.002110967403405771, 0.015681043965318046, 0.011549190648431712, 0.17518435954426212, 0.008915551364968334]	[0, 0, 0, 0, 1, 0]
[0.4346002074525665, 0.0072650785391522995, 0.0235448130607256, 0.0069750599953993745, 0.05289182131276817, 0.010842072526352754]	[0, 0, 0, 0, 1, 0]
[0.7091498186698139, 0.003825398118209115, 0.07704179548213307, 0.00032355593392287675, 0.07131800408419417, 0.059177761462527984]	[0, 0, 0, 0, 1, 0]
[0.22319902797017338, 0.00820165898956695, 0.11004067152126304, 0.00010124021758454489, 0.18639621842661974, 0.12726623632691483]	[0, 0, 0, 0, 1, 0]
[0.7277413977154557, 0.003836463375737749, 0.1491934027273022, 2.9532672063261838e-05, 0.10235249244137393, 0.1797086097061119]	[0, 0, 0, 0, 1, 0]
[0.6922853131409344, 0.001750300229747937, 0.798893748091923, 0.0003921495753004287, 0.002919190460695774, 0.06678196495265004]	[1, 0, 0, 0, 0, 0]
[0.6914094349789822, 0.0015435489379822182, 0.6491906066434928, 0.0009099234196319769, 0.005083599731497487, 0.04188433213349907]	[1, 0, 0, 0, 0, 0]
[0.16609352332984176, 0.0021843655754424963, 0.4840500125913965, 0.0010962742926547064, 0.04307852470126976, 0.0501083572339921]	[1, 0, 0, 0, 0, 0]
[0.6261794343311482, 0.0001777246662419794, 0.565324415373181, 0.00012169960780186937, 0.25915200414648965, 0.1778770903616374]	[1, 0, 0, 0, 0, 0]
[0.9813379796778838, 0.0007333285176551055, 0.09575886137948644, 0.00020511594276443858, 0.041961840685489575, 0.05969950765887648]	[1, 0, 0, 0, 0, 0]
[0.9714765155632415, 0.0004246596325565718, 0.34901513522997407, 0.0001428084895226515, 0.02707891479583382, 0.0943594489201349]	[1, 0, 0, 0, 0, 0]
[0.04886141529223181, 0.01213696435477853, 0.6864745511282058, 0.15111949658654053, 0.0005697835045499951, 0.003616853936563488]	[0, 1, 0, 0, 0, 0]
[0.0031456627797860227, 0.04202940053968029, 0.9459025687714634, 0.005268451344958839, 0.0006853209634343445, 0.02418944335456561]	[0, 1, 0, 0, 0, 0]
[0.023346242568888866, 0.013252737323517345, 0.841250691393898, 0.011818463570041531, 0.0013946658129144834, 0.016738897335726134]	[0, 0, 0, 1, 0, 0]
[0.8806067188351077, 0.0001711011805364326, 0.6139965533522569, 0.001802562271431463, 0.027158695287120553, 0.04889254212794292]	[1, 0, 0, 0, 0, 0]
[0.6021636885147489, 0.0001736338023335649, 0.9570265455828261, 0.00038172211976870095, 0.010976198348120834, 0.132945236823186]	[0, 0, 1, 0, 0, 0]
[0.08382862931294247, 0.0010606588206208242, 0.9933816173407886, 0.0019460632060289084, 0.0006795145987636112, 0.059104011214270384]	[0, 0, 1, 0, 0, 0]
[0.4516684541676698, 0.0016701915893862992, 0.28495616660513623, 0.7670900157484473, 0.0008654238634976672, 0.0007938500574311939]	[0, 0, 0, 1, 0, 0]
[0.9206008475911703, 0.001213067139988058, 0.13305781692858457, 0.677885719963459, 0.0009999223329805818, 0.0009795348443336009]	[0, 0, 0, 1, 0, 0]
[0.6657705380024559, 0.003604260730761785, 0.34633390187591706, 0.6708939190283767, 0.00023825354969619664, 0.0009153087054017181]	[0, 0, 0, 1, 0, 0]
[0.04606649896250672, 0.005337965142890836, 0.3800910911710071, 0.027581672432585674, 0.011144308007565095, 0.009583496575649086]	[0, 0, 0, 0, 1, 0]
[0.07776905554694984, 0.00252695955770964, 0.2635507913526872, 0.22180260614760156, 0.011915183505726698, 0.003889916783100392]	[0, 0, 0, 0, 1, 0]
[0.16110214645659668, 0.002178328779404986, 0.2827452495992445, 0.03276036962759275, 0.017280331601221992, 0.009623389827185547]	[0, 0, 0, 1, 0, 0]
[0.5575892358967228, 0.0016324006435114863, 0.4557016005560124, 0.008438251753115444, 0.009772340931713563, 0.02272476809160287]	[0, 0, 1, 0, 0, 0]
[0.3011265726988092, 0.005089547431034381, 0.29752621053746586, 0.055406729683888135, 0.0038522327372302687, 0.006520920239172225]	[0, 0, 0, 0, 0, 1]
[0.0887263338935591, 0.003259188236807324, 0.5701673523258417, 0.008387230319865296, 0.014861195459041061, 0.023392980360134527]	[0, 0, 0, 0, 0, 1]
Accuracy: 72.7699530516